3498
3328
4200
4291
5286
13536
12020
5679
28
4062
13537
802
3439
4286
32
58175
3070
3939
1030
11859
2454
41494
422
10213
4459
766
3272
278
29028
7689
3287
3192
16944
416
290856
17822
9767
11973
23027
41
4427
18080
19710
19709
2551
654
4252
3612
10035
3790
1447
4161
10142
10533
19487
13668
3696
58134
4332
29177
4386
39
5563
4828
12447
864
9882
4248
12536
10243
17540
430
13633
5583
3841
4514
3144
362
58812
257201
2462
11934
4570
4806
3017
50738
3604
3543
19301
3603
13535
3747
274755
10141
108
3636
4166
4513
326292
22509
46889
3191
613
25
17576
480
10989
923
9810
3387
10065
3254
17572
13627
45969
13910
23585
1416
18240
5525
28179
3687
51329
1450
2743
28201
2361
50734
4280
3931
2819
8488
58616
2093
3556
28568
4223
58654
3678
262382
28154
4502
2235
326243
28153
58777
356714
10340
58751
1010
1682
3876
2792
998
4003
3497
13461
1256
18613
17959
15002
12024
4527
22571
4599
13268
19590
10560
10297
13305
3853
28172
3168
4544
1090
10061
3766
51325
4013
432
28202
17352
952
11726
906
1358
10073
3990
18272
10548
3474
28492
3757
10419
559
59359
3740
19542
2572
4954
1244
56184
8146
14348
15859
865
9475
857
4639
3015
19384
3486
18241
6617
4550
3932
16112
28623
3771
58755
5562
492
17875
3028
29338
1169
7819
17126
3842
42187
42
1959
5703
21924
19365
3892
3408
28199
5159
1774
2623
2873
2733
624
28559
9609
274762
11276
16209
11686
58753
22511
23322
15834
58617
22781
3371
16113
4440
16343
18336
13194
4101
752
22121
306124
14446
45821
2728
12756
4573
4094
15426
2553
4123
14512
3631
42895
9966
58550
30899
2597
2115
9671
17857
28152
13247
13913
50778
46956
3209
19569
14962
750
18183
2518
11312
5193
14016
250
3368
274480
16359
3346
17803
10449
452638
9653
15858
51610
9793
3554
19299
12320
10090
50781
17380
19451
455597
15274
4729
3427
12569
3729
5161
3912
58813
3449
829
19452
14062
5578
678
10064
14690
2574
17174
19375
3300
14317
2047
3697
4179
53341
11974
12019
397477
442854
2166
2300
442855
295021
28121
259801
9551
4032
4000
19600
10040
295
7381
2100
3350
3647
5565
3290
5564
894
23557
23587
17037
452649
4882
13820
42215
6879
12929
3052
59313
4397
28110
41490
58494
3561
4869
3635
17885
58764
4358
719
13886
29153
34
19491
892
4347
382
11279
49
5342
58952
1259
1758
45970
15566
44525
4581
15829
19056
1789
19057
15642
3965
4439
19592
10767
58752
9631
884
5636
38
5528
1140
19410
4491
324997
3315
391399
15317
9835
326251
326252
5298
16787
2805
197
4535
4012
58827
437059
4523
29171
14334
6773
29215
17127
5297
11970
18003
10615
4387
17356
1670
52939
28395
13856
452634
4331
19429
58133
2213
42776
22859
4388
263590
17252
2722
3265
36
258322
16355
4249
4676
3562
9545
19685
21926
16191
1299
3450
17599
2434
2778
4612
1225
2559
22513
516111
3850
715
3651
60179
58585
20760
17295
22789
137
401805
17925
4923
2239
4744
3251
2354
123
10049
3748
13469
28261
19309
19458
323065
9465
3772
29173
14990
2913
2845
722
19284
22597
7485
364806
50677
4340
3268
28026
2390
2830
1322
18886
9904
3494
10125
13498
12018
2767
3358
9979
3459
11228
9741
23702
3090
14989
2412
9494
19380
10296
7317
18184
22162
2556
9744
18726
10050
236694
19633
19439
401
122
29
3468
3501
27938
10327
11567
22938
11663
1830
9824
10926
19560
19369
11425
2139
10436
14072
58698
12980
15860
10537
19397
4602
10393
9515
4361
99
23191
13570
4477
244716
2131
372576
22508
842
13387
2889
339961
17357
19584
13909
4206
12662
59023
19568
35561
18287
12884
4111
9736
12757
18185
61176
17158
4520
2287
9495
4186
5711
17975
7439
4483
16649
16856
3838
15861
5538
28615
13525
13566
5706
28631
58735
5678
3601
13512
54491
14211
887
57908
58754
2296
10389
17998
3726
2639
18449
295019
16543
58890
11214
4571
3400
4154
9831
17179
58758
22790
693
59197
966
3863
13199
22961
965
13925
392019
17545
9811
479694
10602
10724
47326
339958
14422
10056
37669
1612
4466
10545
9997
10980
464
4031
28589
3374
441
58835
19908
271
9659
22397
16813
19655
17854
16161
51687
709
22846
46508
28613
10665
10309
11164
23479
43
1073
2659
28580
28418
17844
28619
11460
58859
442857
58637
38965
14156
12130
13780
441738
19635
3751
2894
10206
876
10355
58385
3189
17736
17818
27
5524
366885
12108
10028
10039
486
257192
11975
13926
5995
19628
397473
10037
3513
28126
12850
45763
2119
3848
12045
3933
3134
12022
384567
4480
558986
54
58389
14331
5544
59637
4473
12761
58394
18852
9644
758
59611
41498
4962
327219
369157
16723
54629
19640
343597
11223
326236
9880
43734
1249
490
49225
9828
39707
5403
16003
548036
18712
3226
447
39277
12073
11839
10715
58085
10108
452642
10180
10241
4108
35613
17169
29180
10416
440079
18708
570074
63904
42060
463723
4192
4185
58921
295020
51324
44029
2828
14625
4057
10302
16014
5689
320
9459
366881
16351
284664
274767
3987
5390
1545
1391
17013
14230
28632
40265
4240
8278
455532
798
324992
2784
4125
194
28156
311
52330
44510
2592
19166
2666
1165
29236
12760
3336
481910
3489
15713
19615
12323
10758
58831
427
19409
16344
17010
10606
58325
5426
2925
45109
4489
3307
452646
17087
5877
3580
1820
4724
12649
47
17741
19503
3332
452635
2822
3325
452645
2234
12319
19436
55984
11407
1116
47428
304953
52215
28608
50273
324994
10088
373504
9598
3843
3767
50839
19237
10579
6530
52384
12741
244722
17600
13583
327227
58782
8444
13999
13777
3223
14929
4796
58732
3044
15604
700
257252
1320
3437
13778
9845
28195
16922
3179
703
2184
12641
19482
13779
15221
87
23600
17604
6885
52943
9066
674
388308
17536
15712
13868
4518
20709
11471
263608
24
487910
19536
9891
16118
14689
50736
2074
53446
41052
15932
30445
287337
7441
16123
13404
19535
28627
61741
12092
57607
5158
3834
42592
3154
364942
57896
3416
1575
332
19646
1077
326253
9840
16948
3164
16817
10364
21966
5783
295001
3413
2960
39039
369158
19627
19345
23037
4023
58829
8923
268446
28150
3734
2503
2359
58766
22123
3923
3574
680
10638
14612
326229
7353
288796
3679
50576
9877
3214
9538
275641
18853
18347
17698
327260
3469
40936
4143
16255
223331
60817
16683
10261
17564
4465
1430
29238
16700
2760
1808
18701
473489
14447
2422
52178
35519
17703
16144
326239
12250
249954
45745
18700
11676
4241
12877
3558
34668
14793
10119
42920
16294
545015
12321
3187
61694
4671
58834
427519
13764
27943
11591
2306
3363
17728
326248
19502
49104
22344
59346
42230
16792
3194
3548
3316
5615
2570
428555
7241
22512
13833
10118
3219
15457
3727
16253
49874
1984
16262
727315
15017
2647
3775
46000
11350
17795
440081
1378
29218
14237
4234
4521
58820
287342
12074
325094
881
366083
9964
274758
13350
3849
52997
274756
13843
4493
1451
17650
16254
401808
338386
1241
391397
19281
3121
17768
3238
326238
9976
21
422859
19377
4813
12729
2453
5718
3533
7536
12318
58861
2857
3759
471027
59352
582
44931
5940
5432
12166
13694
11189
10165
5115
13514
23458
58776
4046
10370
19572
16961
1890
17543
17094
2020
29179
15853
3186
58779
1184
59199
10878
10069
7442
4875
2018
16704
1562
272448
16434
9612
62897
17573
10786
17563
1195
1935
47234
44030
440083
3871
9603
58783
45156
564757
304247
52179
52175
29642
13249
23576
4700
5520
423947
10986
12245
9540
43242
16188
11090
25097
17831
9606
5737
4418
20654
10130
739
23165
17515
13035
440086
421698
19415
12032
1757
45775
578
11737
3545
3463
1581
19459
60783
964
8845
2866
286474
236751
16252
9557
4380
1794
23659
16677
5653
19400
10171
452639
442847
29233
13038
161
12726
4475
3746
50566
22842
428208
15772
764
460524
379486
23323
15234
45730
34744
2446
19347
227
2568
4490
4298
3304
61044
52790
17507
26
3133
3203
28089
5265
12614
9786
2468
5868
14001
457729
10091
9734
3882
327239
4327
44764
3594
420977
19306
9753
371832
59925
4469
3656
1036
44093
933
58084
4420
597
51081
302369
9499
479695
368952
12893
7407
58551
17949
52369
17022
14983
17337
14000
13834
17093
20958
7102
20828
326228
46220
61964
19530
4747
4398
11972
3294
52884
30
19594
18164
58762
5260
809
10868
11971
50732
39128
52368
3752
274571
2123
706
326244
50671
46667
437049
326235
51167
5550
18628
15308
19359
495
391395
5978
311652
58597
13513
2588
2137
21709
37337
5295
2536
423944
52340
1152
428033
22510
4128
20180
12891
9988
22256
16702
10898
27024
51331
11852
1452
308132
3456
17607
14968
11264
2254
119
12965
47351
20315
16121
683
19437
295018
12890
3955
2798
16776
13467
4569
18703
4856
17633
1607
82
284
292842
44996
11514
60028
5529
16192
44265
1314
1257
45635
52201
548148
409575
2898
28532
454544
367197
1063
18850
1743
2060
1433
398414
514
529698
428559
28633
17590
247
262389
4772
3232
2490
50675
24899
9981
2848
19625
14352
59098
16029
270653
59700
29231
18142
15731
53445
10581
17620
387328
54528
7955
11069
4348
17841
19412
37194
19355
17978
17913
49428
494393
366892
17417
16159
28626
17056
41461
14251
530269
58913
11009
19475
2860
19645
18694
528768
10994
17659
28547
450239
299561
46160
19603
327269
11018
514896
28628
11670
852
404
11587
12470
10234
51487
19701
3419
22748
414
5688
2964
60658
13156
257255
11791
49563
263548
19682
52093
274760
58773
12697
5692
15659
388309
311680
15824
19609
251525
13858
28637
28203
17575
546464
19240
10387
7778
1713
251596
3628
191
9658
3327
397471
1657
18304
378579
2310
28083
662
9564
1981
19272
438599
3913
19580
342
496
15915
12725
19430
517384
11563
19666
5543
3253
58757
20960
17874
10239
3344
499264
10641
5916
11751
558980
1692
19565
59306
9668
2552
1039
563420
419297
442864
502241
437042
28581
12361
29228
14974
9850
58815
14720
4751
318347
18479
14575
3145
39727
19519
3364
43362
2686
9687
6937
2749
25096
17608
9028
44972
12341
33
275636
282834
11192
5663
47118
4187
15198
398409
53478
46431
257206
3396
131
9626
17674
58540
959
14085
272427
428966
246478
64526
367179
16867
939
371825
62627
5604
58811
15022
10580
36367
51321
23599
270721
17376
44683
7153
14784
27230
350505
58618
27944
1020
560733
16761
14391
366882
22828
2918
52383
17830
835
18601
15294
817
62422
502117
452657
301539
10829
17777
13172
22098
16223
23390
17462
9963
327258
3801
545028
9733
56183
10981
10029
411
313783
59613
4052
1366
4606
28414
17606
9913
2774
19570
14930
32716
19483
23598
42912
11747
484554
4385
1863
12687
325089
10228
22055
19426
59266
2674
28478
4560
17778
432527
60704
19372
61206
21521
11831
17373
14667
19620
13759
16698
327203
72757
16969
52800
69
42233
28473
19509
18135
424978
16295
282825
59248
10252
25064
16096
19601
6400
61051
15056
3699
430464
28040
259932
362928
272421
14698
1460
3550
19096
2495
2288
241146
13252
5542
5674
18207
3937
60474
59677
3942
16160
10349
428564
45409
11044
45342
37357
1236
16437
62359
14527
115
42858
325034
52370
13434
428839
236697
11159
13339
9920
121
28412
558984
375279
16790
1892
9980
16311
16825
1105
274757
16224
28454
3642
3433
18002
10081
62505
16943
15272
720
19579
13605
4588
16711
15967
14933
12732
10667
10004
8798
2343
19320
18276
16467
45424
3403
62423
10992
4228
43050
2058
19705
3666
12241
4853
5445
181
9962
13504
309738
6321
19624
53473
174
58878
3905
1303
19374
49353
7477
5131
563419
16073
249
447815
30789
2909
3240
21229
13533
566454
3627
10008
61152
25924
19353
5574
412477
11890
7619
63845
32126
19300
15615
2416
22572
4345
3557
57596
12143
44741
43252
29109
22627
14589
236851
51877
16791
839
7039
4666
3137
15314
101
16259
388
398412
19548
10993
3518
17097
17327
3662
134
50575
16361
2136
391400
14675
620
58736
1012
1744
43608
28958
499258
59601
15030
302836
16435
9896
18000
13688
15730
59796
11800
5076
46403
362941
16668
60012
16905
29593
11364
10156
2764
254542
244741
47594
40302
481908
397481
301549
52372
591
10354
5611
482920
10513
244806
18741
5926
349367
319120
20966
10516
3111
38197
326221
38491
17980
47381
23760
4002
52176
22041
38456
38418
28495
5677
2272
24940
18851
11184
2858
416034
426096
17921
18232
10357
4284
18097
1509
4037
61900
3855
2229
350684
19677
10053
28604
272483
15479
29227
2321
19360
5540
30243
18704
5699
471029
17121
29131
14685
35629
17516
372603
29203
494382
18367
12157
58497
28510
19467
277988
14017
11061
1058
419295
304320
9527
56
19606
990
18693
2188
6145
42857
27036
19626
5304
17618
379453
16450
16381
15406
419905
364
13468
4555
995
10166
8098
5606
2284
244694
57842
11799
57918
630676
11778
19610
18743
16426
275703
19608
362874
319132
30198
17807
15311
11193
4561
292843
4183
151232
47379
42393
1271
304216
471031
3454
241088
19370
9690
316859
59883
58771
45691
11484
10753
415171
236801
19576
58896
297287
37751
19382
19379
58312
14473
59059
308098
3639
1480
26316
59348
9651
387345
249994
51584
4618
2634
19287
17450
1071
22965
50616
16868
39035
29069
28539
8318
259883
5640
3182
10179
28505
23613
11593
58498
11706
42889
13008
28460
322240
16225
16431
3467
50775
518596
327208
389851
327232
44735
19442
10824
28595
42138
35358
28448
16378
4679
11728
28254
13796
9656
19669
18699
17808
387329
374507
41128
1602
268363
49382
4507
257194
29185
261232
3640
323051
52336
19476
10607
10020
9504
27312
14154
17187
12797
9849
29051
3861
2770
244869
35314
19455
19585
49268
18342
5981
2196
290894
4470
17082
4511
2705
1009
59094
17372
13657
364812
2838
539
499331
18793
58818
4471
484939
27977
13114
427653
366884
39080
17793
284674
28399
14988
49498
730
9678
7784
514902
11665
28757
58765
59640
19703
62419
19445
19046
16716
44763
10121
306147
58209
32595
23341
20159
452636
32247
275606
4329
19678
2713
58606
43004
27969
3163
14115
14913
430498
28620
10403
8777
3446
59602
366891
327202
18001
16952
62849
59200
62069
19567
19457
18064
16954
8433
316865
11755
10005
19619
9543
295090
41054
20836
61904
47359
22158
18337
5424
10276
288586
2145
282807
13861
1189
41462
17735
6961
4209
53471
37130
26824
19274
298413
47525
12629
274670
25663
17912
19551
1222
905
411611
54381
418467
24881
4274
408286
51357
11813
14782
19649
10398
19616
14843
13120
442839
19110
17848
3590
2443
407547
17953
427490
375231
3002
19348
29223
19670
388968
16718
455598
11194
3480
377011
12014
2802
1082
3519
59314
45972
28534
18698
12121
9585
656
10549
31080
19338
345
17081
52337
13190
9771
2289
249966
440084
17785
8577
2780
59155
19634
372595
15349
18718
295015
485203
31476
23748
16709
11950
21725
10745
2374
64143
530497
19672
19381
6319
452648
292840
5610
1159
462677
233858
19416
60860
28082
25131
17597
16189
3977
3645
18739
20309
59184
23263
19637
16465
12636
10720
1099
45869
10751
46502
16308
315987
262433
16453
4468
40
14018
330615
28024
370204
17788
17790
1091
343595
1081
213624
36777
12908
3731
28207
4307
384557
10057
400298
16266
486727
5665
53239
15958
15164
51327
2222
366889
37898
17922
22651
487916
14011
21958
791
35020
11387
11212
3830
25142
10376
19278
2796
29960
10613
840
607
16917
14485
319138
52371
7229
2096
308092
18740
2258
17946
11502
4859
22014
12146
9441
5512
51573
51507
43753
10612
44
16850
104
367081
5651
19521
38482
16849
58086
19522
552923
18716
56088
9673
6298
56222
14796
45545
29204
9555
2881
35985
22704
19602
5571
622
39920
10668
484828
19520
14019
9324
31759
9770
32734
15404
10095
165
10791
2476
19555
398402
23973
2309
20813
19351
3667
264758
14012
377825
53432
17765
13520
11248
19547
4267
2138
42236
17535
350126
3911
517399
3579
3560
452647
16766
332787
4409
35325
321226
2408
18846
5137
9283
127659
17012
19541
18847
12530
12109
12140
28571
19454
22092
957
261887
19639
667350
392306
10643
3087
302857
1638
28435
19681
28515
28315
3650
1601
19614
11389
2112
1347
949
380786
14002
16071
19289
17926
17528
13972
9422
462688
2820
19466
18742
5621
6954
4538
290897
28447
19525
17005
3862
18302
14551
13217
472
402508
58816
28437
367194
292817
43358
20759
19490
18144
17025
11134
388943
490752
20971
23060
17602
17120
16692
648
32575
19481
471028
29324
19294
2942
19407
286485
27102
17731
11814
4632
17640
16563
834
56123
18702
28554
19404
15362
10158
4247
19648
17835
4188
4219
242
11748
538
7090
5511
3200
3118
24761
447825
370260
1520
545029
51079
10110
37907
4145
17035
264764
2356
426094
19493
49790
16454
21876
51431
25856
25414
19605
10872
5561
40214
17744
505871
455599
19702
2949
943
899
59142
17799
27975
4036
530503
58725
47613
29170
10116
428053
19658
6929
5541
4026
484912
18905
16747
12240
264721
244698
8595
23768
366852
14068
39465
28218
23754
12668
4435
2977
461649
327244
27976
24981
14560
11342
3188
364801
26472
19518
17522
11829
6240
244879
28159
24673
452633
54435
11547
2771
59624
16415
12743
16959
14026
1812
3505
19526
58826
52181
13271
27953
27978
21400
5682
371831
21925
18286
13496
257202
52825
19391
50198
35573
28222
14022
5415
1414
4
17863
12417
38218
2064
5593
327238
4058
1019
20
216357
17122
14069
10094
2366
34947
17658
17517
7594
10514
17833
304921
19468
304188
3515
2202
24493
18744
97766
34791
15350
2900
2098
40129
490123
19623
19562
16375
5645
2095
15124
5654
4261
257195
300689
52005
19552
35326
17293
428066
401818
31724
15392
57885
2037
19617
4195
452640
51835
46089
40432
24877
56097
28774
10157
16374
19508
19373
37413
1943
44295
22230
18264
10940
38067
22060
7757
2851
58998
1637
23943
19304
327212
58632
25282
485195
14731
4059
3135
2395
19690
18271
4365
349334
29259
14015
58993
57519
23451
18344
24933
19622
15987
537743
60862
58803
17558
564761
262437
9873
19618
1067
19058
18201
274766
23741
2852
28807
3573
19293
58876
18339
2777
2386
16985
10123
4649
36355
18289
398406
23246
16915
37
13683
50737
388383
319109
59317
35374
19574
9971
3339
3247
36795
27968
19664
326233
19495
10322
43712
19642
297208
27023
375199
16099
59894
19524
17937
309739
42044
35402
1210
19292
15672
5382
3282
19588
9730
529784
59343
27974
13749
292838
17556
14010
13011
3888
3622
902
26223
19460
6313
4392
4107
571
366843
46066
10532
492223
376934
19686
5648
3586
398407
25986
12258
3756
2090
18625
17908
17639
485218
15771
245719
28915
17587
10810
46749
4180
31412
29501
14615
38298
28226
14768
3527
2812
1822
38604
36649
22982
14025
10450
73
18600
3503
484971
391401
24687
19435
19192
12907
10178
38703
23742
4669
3730
471019
23419
14448
3507
552
46240
26076
5163
4946
3141
40929
23129
5290
32186
302
10311
1017
302825
288661
19596
12400
254545
27711
56083
40864
5200
465
19643
19604
19472
17040
413
353919
19285
14549
283965
17997
4760
510
25166
62381
52312
19385
1442
13325
14491
4265
57799
23850
10887
427971
16929
4343
3991
29176
9939
25057
23767
22
13860
16956
16423
1178
19662
19308
1312
20617
6627
5397
25909
19969
19505
3496
542578
38283
19298
16957
11958
3535
45
60618
56165
375291
30362
19561
12177
3074
279590
54531
4645
32697
27390
25119
19553
15970
42714
17981
12988
25373
19288
5467
3899
41458
18856
16769
12075
11382
5590
211
3322
17385
13973
928
479670
373521
10924
9636
27970
19700
10813
261226
37136
19399
11561
28485
17610
3803
337023
304206
54403
10806
1269
364990
18915
7598
5757
14
388313
10201
5535
359267
11849
11552
36850
30504
22220
19478
14740
61849
19461
10877
36455
19319
885
304191
53381
5673
2085
19636
14142
10788
3248
3204
2383
302303
32402
10897
6875
367083
45429
31482
19970
19698
18720
16419
1033
16410
238390
42234
633
27913
4675
58927
19688
611
383496
51326
9942
485079
366844
56114
19674
19277
17283
16412
487914
30373
25449
19367
10640
302974
36542
21078
19286
17282
11498
3447
504
37059
1479
327206
35963
24948
144
47396
23004
10383
5649
3372
1698
45958
383546
39284
2487
36096
12491
46153
16834
53180
24392
22902
3602
2
364807
19356
471011
51333
36941
19531
29696
12051
3829
3057
421711
1120
23763
14023
19316
455579
43759
36189
22910
15439
16926
193
45868
17771
3856
19821
19193
200
455580
34811
18141
1230
19689
17779
13889
571696
301514
50796
35818
31495
10644
5545
5160
1872
1125
558974
288559
18719
18230
1454
375282
4628
3584
42120
19629
370216
46058
37032
17634
5686
5143
437062
428178
28471
22576
19557
18555
36390
22872
19755
53461
18675
14004
4529
1055
452664
362880
331009
61584
38991
2506
2430
277932
48930
50119
42437
23308
18079
17045
3749
419293
295094
5591
520350
266205
19344
311735
27159
19651
13908
1515
28383
25178
24138
19498
16628
14741
442866
42302
32989
15968
18341
15964
30666
6320
3525
304182
22792
14769
351003
257237
28292
58701
19575
19529
19242
18282
9851
6628
1505
4885
14880
326219
24961
16433
1300
373511
50771
34801
8665
61148
53460
5145
3593
2105
62351
3873
3034
231
28696
18547
62506
58825
42303
22959
19571
4742
2407
247058
244726
62406
40276
31397
19282
10114
9535
60247
47463
19589
3357
15679
10792
5607
30799
16574
2682
484816
457730
17592
4495
313802
60769
17886
14226
4802
51335
28386
24170
19517
15667
17580
1287
244746
39685
18829
16139
59765
17635
15843
255825
59227
28971
15542
1864
2009
263566
43755
17872
13195
52799
39530
18696
3199
768
34973
26226
19499
15205
11119
23833
9593
3126
494394
18239
16452
11645
44425
692
522975
60782
21249
17957
14007
6078
5596
27967
16239
4454
309900
52949
49079
19456
17695
10395
1539
28224
19683
19659
14563
3221
3173
2397
2193
19474
16842
481904
10408
5463
5205
39092
17091
4983
270722
46181
19704
19687
19376
5709
484814
27988
19488
19401
4546
3806
3032
1328
60101
36797
16770
14755
10153
4362
4296
19395
1206
39513
34734
32577
19652
19340
17544
3551
24101
19480
23860
16717
12909
908
37451
36013
19641
16456
23875
19582
11721
223
45265
36523
12183
58999
19527
14259
2837
60843
57422
49493
39038
17627
13275
288671
20732
19346
51609
18298
10922
4363
301511
60973
558972
471717
45636
27984
395971
257242
251512
19532
1121
514894
505782
58559
14925
4313
3536
1740
286525
61664
39785
11113
5294
41162
24808
23739
19394
11002
19656
19611
4011
51320
29413
16743
386
10502
241164
38995
19697
19418
3707
283970
58849
37305
19695
17077
11128
59349
52213
49335
61699
21974
18872
16936
19343
2983
2172
19583
16647
10443
3998
341619
297249
56191
570173
566447
364870
52872
17439
14070
49873
29243
12710
493453
18620
11352
4211
982
461648
380836
42039
41776
13495
450238
35948
30606
19556
17781
17723
12736
2178
43432
33696
19421
19313
16483
437050
302940
284755
49417
30748
19578
18015
3872
398416
42238
37420
16780
262384
21203
19676
3142
15
407553
288800
24792
3243
18900
17251
16831
54751
30057
19406
418471
290899
19492
5505
490417
327242
56124
42336
330884
23156
17727
13302
11182
3633
54520
40841
28979
22808
17230
10633
303
401804
359354
299615
50324
44120
19241
19194
15656
10299
442850
54311
19358
3689
2441
532167
428354
362871
19613
11731
4318
338387
26002
19694
14449
10997
10128
1207
517383
39118
14027
4283
44506
43737
19693
17678
61061
54380
32007
17615
5506
59354
16286
477
378625
15740
11732
4175
52815
36582
29037
24442
7089
2104
1025
23154
2814
2281
212
129
38091
19539
17136
12
58297
57944
57794
26154
460512
53129
19443
19159
11365
35385
29149
1115
308
58763
16819
11234
10679
5452
3945
52996
24329
484501
272509
26055
25465
331090
288681
43752
19546
19450
18283
4061
254652
18343
7712
2334
1613
397479
322364
60957
37818
10295
1239
10702
8586
385406
282828
32965
32029
29232
1459
564763
366894
17856
5378
57954
56196
30520
18266
12895
51323
46533
42455
35763
32986
2400
963
58939
9839
5501
2740
248474
4281
57841
52142
39241
38172
19657
17046
2340
58005
27392
54346
52995
17716
14788
6656
271414
50000
42180
13070
5698
331319
292845
19485
471034
302881
36758
30766
23849
5329
460519
19504
16132
3255
36759
19396
9691
530345
274789
45291
38360
11896
1171
409574
59202
57891
39776
19489
57679
23761
19612
15374
39405
23746
3412
379605
330452
288604
36577
25396
16740
438620
55132
41738
40434
39120
37221
32797
5641
496757
445453
430320
419937
262346
13870
9751
5350
2935
327236
31033
16432
4554
416036
50370
41456
25230
23740
3658
2249
38946
23935
9899
494383
28964
23755
428775
398403
339957
295125
60894
27519
19663
5684
522978
292945
5605
4479
4406
447808
60907
29082
23007
19368
16741
2612
1914
481905
415180
376982
51149
5568
496649
10343
5373
1543
746
61218
19534
17796
3252
364872
40002
24033
19684
19479
13475
53290
35225
27324
19477
18265
14627
383515
19245
17714
6625
462685
412478
370239
32846
25460
20217
19113
4872
3001
53108
50572
36787
1628
23507
17434
3703
19154
11310
4050
520300
350748
336535
37329
30655
27617
19463
17418
12626
3093
378578
15985
43426
32925
27828
22289
19290
10458
9983
4533
4531
625
276032
63573
52891
7728
563269
46161
428894
428664
54074
53357
28726
15848
3425
425200
244699
32785
25198
25153
19869
13155
64551
35297
28411
5315
282818
36968
11183
302823
63189
56122
41606
19471
52831
18679
12871
285682
23756
11333
11165
2987
59132
24768
23759
18099
16744
10173
5690
35354
21651
17524
17413
11386
3143
875
542682
16694
5117
4848
241044
42045
28883
23283
19317
4634
56174
31859
17823
3665
3201
3129
320083
27124
2902
413099
59233
54541
51246
16272
15546
11861
395195
274759
53146
16903
16820
4141
19497
16072
2581
397469
302921
61022
46792
17160
2513
415
46110
22022
19361
19279
17058
16742
15986
14904
10063
59329
49326
34818
24975
19654
19433
17377
3156
667
306089
304186
58495
58115
51134
34777
19362
4800
4118
479677
40243
4048
4024
331809
58356
50311
23504
19393
9765
223378
63393
58780
53406
42151
39964
28039
22149
4019
370125
364972
60004
54742
53467
28597
3879
376898
327246
59931
1734
480743
426098
261225
58613
40314
35183
35137
31309
9973
558975
407566
56053
24075
19392
14031
1349
502138
19671
5656
3521
22674
20823
19473
16443
14071
673
484505
451578
371826
29063
27973
24356
44363
19593
17646
63
493455
311743
60796
57816
27620
26563
23873
19591
15210
5276
2736
1056
38511
23958
13003
10264
4970
4619
30584
17089
34119
31207
13017
102
364811
23106
19434
18376
4583
4277
302916
59674
54373
36527
19431
9624
5362
471033
517
53089
39108
19696
16951
4852
334412
40300
39109
29849
29092
27945
19398
5714
3670
690
617
385444
28950
22105
5431
955
202
163
471021
295068
28778
28760
19533
847
42957
16438
5708
558979
302373
244732
42330
36381
25046
19441
9972
3337
490428
427878
326271
52374
42191
41646
19566
17529
15122
4532
516113
481924
400295
367052
56041
39516
17702
13246
10822
4077
568863
484967
403032
52177
31894
29867
22721
99004
58823
41324
13402
335292
264859
53394
19295
15678
3481
485226
40395
25163
19573
19302
16436
487913
46855
40323
26968
19276
39931
28022
26410
22639
442841
233968
54379
53182
40724
28715
24883
17974
16445
1492
51607
40795
38543
16899
1345
560814
38140
25087
11753
1289
327245
248486
53392
40254
14176
11833
10024
56198
36581
28284
27998
23867
17019
325101
297207
61105
28499
27284
24160
14066
257205
58798
41594
23565
17079
16672
6156
536709
374566
39502
35800
31777
19558
16110
11379
2494
484498
261247
41561
39110
27404
19550
19486
14607
2954
403043
327224
19378
11093
1438
56129
39503
30813
24825
31744
23143
19366
5612
2901
224
455585
39439
31396
27407
1398
442868
50954
30095
28328
27026
457861
326994
224848
56240
44251
29158
28820
24353
5659
1542
56000
40922
34852
328676
24366
1029
336136
243197
52670
28402
28323
25637
19511
18299
449
60935
54437
18635
12040
5657
304922
303579
46429
38724
28007
23976
19653
16895
13348
59361
42077
25063
14021
13637
560741
397507
15770
5702
3720
29653
28025
26781
19507
12496
2293
375
325082
53181
44066
17934
17802
17552
5614
3712
2781
41961
34601
19650
16971
13732
12906
12811
4119
368967
56263
50503
41706
39408
25582
23938
19405
16894
257207
53546
32161
22717
5120
558978
54744
53359
22168
17773
14321
10359
566671
58799
52334
36513
27185
16531
10134
1851
514895
41659
2956
54439
35083
23418
19586
19448
4565
2952
61070
59589
57955
53433
34872
24177
15924
14157
650806
71560
56045
36371
27179
13564
11917
10784
9834
5369
5075
558985
303596
52752
42334
19402
16804
12071
440080
58076
56241
39662
24896
17102
14679
14320
72
349386
58252
26648
24904
18763
13064
12350
11955
3355
59192
45912
43576
28737
28527
25646
13420
5468
4070
548027
380859
59869
57898
49866
34781
25818
19544
19540
18725
15886
9539
5366
1290
454535
311774
42031
29294
27196
19587
17909
2084
249946
52210
559111
548033
528659
428701
30570
27021
25212
24901
16749
9953
5154
3989
3896
400296
304184
50741
35771
34902
25061
19675
19545
4597
3831
3614
3115
2452
1144
290879
286536
56101
43440
35005
28338
24980
23373
18534
16983
5375
1458
37854
16449
11231
5168
2810
5664
2391
520359
56260
42049
24022
23771
19500
11931
3438
2855
646
489294
425206
383587
372640
267219
54653
36489
19607
19357
5175
3796
316860
316823
34887
27491
25002
14175
5618
3909
1118
427750
375196
294131
53585
38157
25367
24890
23900
5519
3976
2165
1097
53563
53562
40076
24932
23342
17751
17375
7542
3234
350
383517
313733
59141
51247
27038
23914
16448
10551
4749
1277
395178
56115
41006
18551
17976
13481
6841
6131
3473
394392
67309
11042
10246
6000
564
395177
395176
383516
333027
26160
25841
19383
15790
1620
437046
395968
58257
29742
19673
19630
19419
18267
3506
455578
328005
275602
62424
60280
49170
36733
16451
9531
54339
46422
19679
19417
7564
4797
4366
3714
2322
1085
544
398418
251460
57846
45964
39716
38809
19283
16646
13376
10505
534163
396871
50240
32950
26898
19438
19428
6853
5555
5123
3608
462678
288949
257236
27776
23764
23340
13881
11752
10372
2891
274847
58341
57669
56103
27980
17927
4367
385533
35303
28744
27935
25062
19364
18440
10504
4791
562
457860
59207
28866
19543
3983
1749
366851
289929
27138
25482
11943
11871
10609
7176
5219
3735
571692
469008
257254
37406
29205
19440
19423
16803
11868
493458
452619
304332
53291
39272
36029
32707
25162
24800
552943
463733
366893
43623
35503
31556
19447
13803
11689
7450
412480
325081
304196
244695
56033
41985
35076
25711
24903
19339
16664
11938
395155
35081
28963
25311
23981
19388
13589
11817
5264
2312
530500
347512
249941
54441
27241
13474
11811
10368
4870
407570
284660
19411
11869
494369
334867
60953
36782
28015
19668
19661
16719
11903
11076
5730
4231
1220
371824
244724
56106
54440
53600
43736
28914
27080
19515
2465
316819
54313
53168
52313
36633
19444
18103
11874
7139
4515
1095
49328
38438
32134
27986
24288
19538
19352
13191
5691
4607
4030
2528
2292
426108
28198
19597
16724
11870
592
455
395969
22686
19469
19462
19427
12904
12630
5225
3377
2156
57847
52761
29053
23758
23345
19516
17983
12511
5650
5234
4333
3915
566445
517303
394394
268356
267229
74114
43603
42032
35078
31690
23967
18984
18678
4845
4624
484696
484654
373517
288624
60527
59603
56104
53627
42999
42998
28474
24247
24039
23343
19564
14927
12459
11760
6661
5589
5224
471032
452643
442863
262383
236696
54172
53527
40185
25020
25000
19363
10348
10229
3971
1235
442862
40274
32252
4958
4326
4087
60307
59185
54556
52874
41002
25035
19453
19424
14890
5631
1041
46624
40618
32902
28157
26757
19660
12728
1640
873
535
487915
367153
54392
44563
40016
39218
23509
494485
251461
59282
19501
17760
10991
10916
10259
548017
326224
271416
32389
19280
18477
17581
15340
12613
5278
351791
336827
59209
49315
47136
40619
39266
27993
3021
1329
571708
395981
321278
58853
34868
24962
21088
19446
13815
10884
558987
371833
369159
292851
286505
37446
11302
7885
5235
3988
258323
57668
56058
52639
40349
35949
35569
32060
28268
18801
558973
335961
319111
316003
59362
53802
53106
36981
25327
19408
16947
16614
12273
290
195
499271
481892
290046
50504
39994
39558
35160
5065
1045
696
461779
349268
316816
59208
54729
40410
25214
17870
17670
11953
11272
4534
1281
455514
326247
42466
37110
17668
11245
10853
3741
380905
294121
56007
21034
11308
2984
2640
459249
364981
319183
264734
62518
58277
42337
39757
24875
11250
5428
5355
106
460463
427873
373654
323105
297212
277913
42152
17068
13452
5731
2769
382713
307137
56215
53167
35808
28354
27996
24175
19692
19341
18293
18281
7649
5570
395985
304194
59163
32584
29717
27297
10407
343602
280620
59134
58739
57773
49065
48395
25521
22833
14252
11816
422854
26578
19699
9965
3617
406445
49103
42767
35889
32981
28004
24628
5099
4793
1989
257251
62117
59315
56029
35187
21383
19413
3292
513033
351759
345351
302306
272532
59149
58388
51672
39219
37777
27946
19403
16750
13943
11810
5322
2849
537750
491420
427679
312621
236695
29089
28010
24994
24337
23119
15676
5335
412474
302981
272530
268298
244738
56075
53412
38014
24973
19465
11648
5464
5223
4126
510042
332203
327255
31977
26333
19432
14746
1254
62408
57997
30176
29056
19425
469
499262
370286
294122
56259
53322
52923
32469
23916
23369
19644
13257
5411
4251
936
428685
281852
59122
54720
53410
42848
38940
35832
26083
22241
19563
17546
16979
5582
61
254541
56272
52856
24789
24785
19638
15664
7012
1388
1361
662414
516127
359108
58260
54631
39454
19528
17684
15013
11940
3193
2905
566668
326242
321317
244693
59250
57705
55978
52871
42847
40337
40303
31017
18756
5262
1848
428597
394391
357105
35981
31456
19999
16208
14935
3683
3228
2479
1987
499339
409573
244690
59612
54420
39236
32681
30180
17904
11384
4761
1752
1467
292977
290952
54406
47164
36809
26147
25122
11647
5633
3783
375284
349174
248963
65238
53413
52764
40379
40092
39663
29918
28148
27997
27981
27714
22875
22072
19512
15108
5387
5361
4586
4426
2175
198
566457
544090
490431
349966
299636
52870
45186
39948
25479
19680
16077
5569
1390
1343
520361
316862
308060
57838
52157
45663
26544
19581
5302
4156
440058
53255
52905
41262
12528
6216
2154
411598
347532
262359
53634
39317
35596
35369
30988
26655
19349
19334
16680
5263
4651
2187
484509
320356
286479
57800
56099
53538
53414
41990
39192
36769
28023
24630
10447
475076
351808
49304
42457
40301
38297
36976
25217
24893
249949
41881
41590
36692
28301
26336
24992
4232
3578
3333
2261
495621
485039
395179
304187
258325
56031
53266
52749
52232
49165
41989
19420
14006
7993
484682
427723
401373
56226
43622
40899
27412
27309
24716
3256
571695
406950
320363
58182
53419
53411
36779
35965
35626
31635
31147
19691
19537
17999
14605
14158
9796
6959
2097
1552
283
427692
376110
290867
59175
53415
52726
41948
40394
39997
36877
36571
35796
35051
28835
26152
24963
23196
17519
12050
7055
5250
173
406954
400292
372584
277513
59188
54715
53501
51814
50862
38080
37043
34706
29562
28881
26186
25018
16065
5268
5180
5179
691
463731
406951
335878
60856
53500
41956
35654
35518
32484
27932
26860
19513
11772
10401
4237
339
175
304183
52311
51429
41658
40071
28682
19523
6040
5236
1274
494486
59280
57741
41505
37428
27106
26425
24297
21848
19390
4746
532454
528769
375198
373661
364800
311694
56204
53598
53423
52709
50837
43350
41340
39469
38306
35822
25967
25249
24911
21846
17955
16260
15647
14081
10866
4557
2168
400291
334819
329549
59135
57864
52893
42695
27231
12062
4190
2351
2218
2117
1384
499329
326220
281865
264722
251558
58354
55977
54449
53957
53628
41342
40999
36896
36062
32448
29196
28956
27437
27090
15467
13663
5374
4041
3278
315
558982
403040
380835
368108
316818
277953
56197
42547
35718
24884
22759
12077
4025
3884
571690
367195
336804
331318
58740
50005
41789
41523
39996
36723
35341
31644
30302
22801
22705
19595
16722
16331
5319
5257
5109
473534
415167
407549
366863
343188
327259
316817
283968
59216
59151
58183
56025
54663
41208
39233
37274
35058
32401
31912
27585
26628
25263
25219
25042
24054
16284
15431
12714
6892
6218
4585
2710
558976
330772
290051
254538
59186
59128
53629
50026
39037
37395
36743
32055
30805
27994
27972
24937
24168
23815
22632
19464
17662
15781
4835
2789
1856
334
160
557711
554704
484970
426107
422860
366842
330402
313727
311776
294133
251485
249943
52776
46673
42435
42247
40179
32867
27043
25023
24446
20833
14537
10923
5624
5351
4178
528
387
403024
355289
330987
329550
264731
59666
59220
53555
53288
53161
53029
44194
42292
38117
35316
28197
26193
25499
5206
850
455586
451523
403803
383500
382709
282811
265332
59218
59007
56023
53443
53399
53259
46664
36990
36915
26522
25679
19598
19484
19470
16857
16464
15686
10323
5272
4091
109
382708
324174
254537
244887
59371
59148
53516
53379
41201
40536
35541
30414
28713
27683
25850
25849
25271
24522
24264
23320
9477
6523
5888
3564
3362
558977
473481
403787
339952
331095
323120
57744
52807
35317
30209
29768
28329
28210
26127
20117
14262
11649
10647
5886
2364
1463
1445
689
572
566
556047
513032
402492
329539
270724
57958
53603
40726
40158
36303
26874
25394
24993
24454
19667
19389
12815
11875
4090
432477
353357
262371
254553
241041
56239
56044
55968
53485
32433
32139
25513
25044
19342
16580
6873
5602
5345
3786
2072
17
563412
563277
430213
376107
288652
288620
248402
59281
59167
56254
53402
53400
44048
43545
40913
40527
40277
32099
25979
25165
19312
3743
3671
3338
158
404527
401814
373518
362618
309733
56200
56004
54347
53605
53451
46157
42519
35655
27060
26763
25473
23776
13982
5005
4029
23
440070
430220
407600
362612
336801
330953
328672
59178
57939
57620
53530
40526
39528
35237
25584
24533
23799
17461
14620
9720
9431
4451
2968
2432
438612
330379
59279
59221
59176
59174
59173
59140
58337
56116
54690
54513
53572
53404
41666
40519
32353
28475
25323
25058
24942
19386
16675
11740
10540
6305
5474
5368
4428
3995
1024
506
188
522977
484503
394400
387230
359031
329551
61236
59133
56194
54570
53573
53149
44716
40242
39928
34865
34757
27992
25037
24902
10041
5247
426
486730
484985
413872
298398
269917
244733
67555
59276
59183
58761
56261
54632
53524
42817
42464
41667
40181
39238
36657
31787
31011
26540
25948
25599
25008
24686
5423
5261
2541
860
340
111
494395
396865
390532
359109
353891
68197
60900
59217
58741
53571
41485
40852
36282
27405
27238
25735
25347
19599
19494
19354
16841
12754
4891
4623
3944
1849
628
78
548038
518599
514897
359146
357857
357786
333802
329552
264725
262372
261889
244705
59585
59286
59284
58185
54600
53647
53525
53405
53362
42141
39820
36260
34732
28864
26290
24979
24910
17930
5377
5259
3918
2102
461723
395185
395151
359616
345127
321272
279587
269332
245954
59273
59251
59177
59150
59130
59129
56243
55660
53602
53541
49869
41597
41583
41079
37602
35947
25980
25194
24970
23747
23700
23562
22591
17675
12266
5899
5396
5203
4759
4371
4351
3894
2150
487917
438623
419298
356848
282831
264736
62116
59179
53515
53162
52774
46503
42282
39703
34685
31701
30987
27756
26019
24636
22566
5705
5301
5232
1021
132
739495
545153
525691
513030
428560
403798
359118
357887
330920
330572
281866
251482
62141
59219
58189
57929
56207
55240
53409
53271
53038
52861
52824
39425
36836
27591
27264
25264
24900
23140
22922
19559
9359
4395
566466
520303
517330
413104
394399
377014
359141
357886
355228
335451
313864
302829
269330
59180
56020
53453
53316
53039
50423
45283
43089
40217
37333
36035
29461
28017
27987
26388
25842
25441
22592
19514
19449
19297
18187
17665
5638
5422
5347
4851
4064
3549
1400
836
684907
611696
528650
440090
440089
396867
359116
357803
353388
333362
300688
223625
59285
59139
57218
56188
53425
53323
52841
41551
40313
39476
39217
38589
35257
34812
31704
29800
26057
25587
24952
24927
17591
14538
5572
5318
5253
4948
3455
1962
172
548170
542586
536890
516108
490633
477307
436060
415515
376106
366875
362729
358963
334185
332465
331387
316806
295005
281851
60848
59191
59181
59152
54768
54724
54618
53523
53395
53307
53287
52830
52771
52348
41879
40481
40019
39395
37721
30811
30777
27340
26014
25592
25280
24689
19621
13283
6509
5243
4993
4984
4847
1964
1955
573
9
552924
368075
368049
358989
334482
330380
328000
324127
299539
277912
264724
59187
59136
57311
56046
54628
54275
53493
47953
45968
43693
41476
40347
36752
35323
31564
30202
29150
23744
5208
5190
5177
5164
5044
4803
3792
3504
548037
437054
421712
395977
368055
367026
359695
359153
359119
359003
336536
333062
331639
315935
302818
286483
285649
67634
59275
57814
56203
54357
53615
53457
53342
53330
48201
44560
40996
39673
36300
35869
32290
31079
30225
30140
26507
25855
25596
25489
24920
24574
24517
22806
6717
5252
5199
5126
5057
376
549598
540018
440077
418465
377813
366973
359115
359013
332454
331183
330883
330409
309189
290870
262361
248401
241039
68297
59182
56043
54753
53247
52130
40972
37576
35722
35566
26265
25989
25341
25269
25045
25012
24781
24735
24621
24566
23364
22673
22381
19577
12013
7350
5419
5288
5188
4460
4279
3638
2955
1104
796
749
501
546536
516110
511478
500651
455582
395979
362607
359818
359180
335378
330730
327235
262370
59214
56316
56233
56195
55971
55969
53655
53459
53427
52919
52317
49332
39445
38635
38276
38235
38037
36179
35340
29961
29454
24802
23801
19296
17701
6138
5303
5197
4039
3973
1187
183
491612
484820
462693
425202
405259
402499
395191
383527
372582
371852
366880
362768
362761
359192
353374
353373
335607
333779
332455
330622
327250
290040
74365
59626
59147
59143
56119
53213
53172
53123
45535
42890
42127
36383
32779
32565
32495
27733
27577
26423
25634
25410
25371
25364
24984
24908
19307
19239
17859
5492
5434
5249
5053
4633
3910
3432
273
530565
518660
517328
516109
511517
462692
432475
419912
395152
368059
362756
362663
362631
357860
353415
353389
341614
330587
328001
292837
290861
284091
281855
223002
64506
59274
59145
57771
56169
56160
56137
55983
54726
54512
52980
52972
52732
48542
42346
39676
39193
38705
37659
37429
36851
34888
30086
27074
26645
26564
25048
24783
24757
19422
11666
10664
8300
5421
5417
5416
5165
5102
5032
5013
4754
4170
3591
1382
556044
549627
520308
515040
496647
486734
426104
411594
405522
398419
367022
362593
359650
357878
353423
338385
334382
334027
331792
330654
330569
319116
302307
292839
290045
257208
251943
244731
59283
59277
59270
57951
56252
56177
53554
53364
53335
36494
34399
32759
32199
31178
30393
29001
26312
25720
25600
25420
25031
24590
14728
5514
5391
5274
5026
4887
4605
3997
1695
870
138
564758
548029
511475
494390
438622
409580
392205
359752
359006
353410
353377
334228
333397
331818
330876
283972
281861
261236
261235
238391
59258
56206
56098
53517
53169
40942
40801
38118
36898
32885
32737
32141
31661
27070
26262
25978
25365
24669
23769
11304
6596
5388
5222
5215
5054
218
566659
508509
460429
442846
442842
405263
405261
397149
364808
359143
359135
359120
359063
357883
334383
331040
330816
330557
319107
312625
276644
252219
59138
57801
54754
53595
53579
53401
45809
44383
42123
41102
37090
36568
36521
34604
31395
30554
30018
27790
25750
25303
25093
24821
24625
24242
24117
23848
7565
5954
5400
5326
4272
4174
3826
3754
3461
753
711
581
549629
545013
532309
490415
489287
476112
460517
444389
440074
419897
368067
366897
359142
353597
353409
339955
334885
333416
332575
313724
299537
288553
276645
59278
57934
56257
55973
53638
53504
53468
53350
53128
40262
34786
27671
27300
27243
25825
25739
25594
25416
25189
8061
7169
5427
5399
5306
5293
5106
4977
4827
3630
3273
2624
1327
557693
545160
520352
497963
487903
484496
459215
455571
419904
397030
394415
368066
362600
359140
359059
358998
333955
333862
331386
330477
285653
272529
53644
53219
53170
53132
50611
50531
47794
47638
40977
39063
25661
25480
25141
25055
24538
5472
5186
5185
5169
5140
5047
5046
5008
4683
4558
3216
1546
262
